22
1TUP_C  0.000000 0.139175 0.825000 0.871795 0.875000 0.875000 0.893204 0.887179 0.867925 0.887179 0.887179 0.866667 0.886525 0.886525 0.878571 0.880282 0.915033 0.000000 0.891667 0.892308 0.892308 0.868852
3EXJ_A  0.139175 0.000000 0.850000 0.871134 0.875000 0.865385 0.893204 0.902062 0.877358 0.896907 0.881443 0.865979 0.886525 0.886525 0.878571 0.873239 0.895425 0.139175 0.891667 0.881443 0.886598 0.877049
2WTT_A  0.825000 0.850000 0.000000 0.850000 0.875000 0.850000 0.825000 0.875000 0.825000 0.800000 0.800000 0.750000 0.850000 0.850000 0.825000 0.825000 0.800000 0.825000 0.800000 0.825000 0.775000 0.825000
1T4W_A  0.871795 0.871134 0.850000 0.000000 0.865385 0.875000 0.893204 0.887755 0.877358 0.892857 0.862245 0.887755 0.879433 0.879433 0.885714 0.880282 0.869281 0.871134 0.883333 0.861538 0.892857 0.893443
1QM0_A  0.875000 0.875000 0.875000 0.865385 0.000000 0.076923 0.097087 0.144231 0.086538 0.884615 0.875000 0.884615 0.894231 0.894231 0.884615 0.913462 0.913462 0.875000 0.894231 0.865385 0.855769 0.913462
1DX0_A  0.875000 0.865385 0.850000 0.875000 0.076923 0.000000 0.087379 0.115385 0.048077 0.884615 0.875000 0.884615 0.913462 0.913462 0.875000 0.903846 0.903846 0.875000 0.894231 0.855769 0.875000 0.913462
1AG2_A  0.893204 0.893204 0.825000 0.893204 0.097087 0.087379 0.000000 0.058252 0.097087 0.883495 0.864078 0.883495 0.902913 0.902913 0.883495 0.912621 0.912621 0.893204 0.883495 0.873786 0.893204 0.902913
1B10_A  0.887179 0.902062 0.875000 0.887755 0.144231 0.115385 0.058252 0.000000 0.122642 0.906367 0.907500 0.910979 0.907801 0.907801 0.885714 0.901408 0.908497 0.886598 0.891667 0.887179 0.927649 0.885246
1UW3_A  0.867925 0.877358 0.825000 0.877358 0.086538 0.048077 0.097087 0.122642 0.000000 0.877358 0.877358 0.877358 0.896226 0.896226 0.896226 0.915094 0.905660 0.867925 0.896226 0.858491 0.877358 0.915094
4V4Q_BC 0.887179 0.896907 0.800000 0.892857 0.884615 0.884615 0.883495 0.906367 0.877358 0.000000 0.865169 0.865169 0.865248 0.865248 0.878571 0.866197 0.869281 0.886598 0.875000 0.871795 0.895131 0.868852
4V4I_D  0.887179 0.881443 0.800000 0.862245 0.875000 0.875000 0.864078 0.907500 0.877358 0.865169 0.000000 0.878338 0.872340 0.872340 0.864286 0.859155 0.869281 0.886598 0.883333 0.876923 0.881137 0.877049
1JJ2_B  0.866667 0.865979 0.750000 0.887755 0.884615 0.884615 0.883495 0.910979 0.877358 0.865169 0.878338 0.000000 0.879433 0.879433 0.878571 0.887324 0.869281 0.865979 0.866667 0.876923 0.884273 0.877049
1A3N_A  0.886525 0.886525 0.850000 0.879433 0.894231 0.913462 0.902913 0.907801 0.896226 0.865248 0.872340 0.879433 0.000000 0.000000 0.621429 0.446809 0.758865 0.886525 0.891667 0.879433 0.843972 0.860656
1BZ0_A  0.886525 0.886525 0.850000 0.879433 0.894231 0.913462 0.902913 0.907801 0.896226 0.865248 0.872340 0.879433 0.000000 0.000000 0.621429 0.446809 0.758865 0.886525 0.891667 0.879433 0.843972 0.860656
1GCW_A  0.878571 0.878571 0.825000 0.885714 0.884615 0.875000 0.883495 0.885714 0.896226 0.878571 0.864286 0.878571 0.621429 0.621429 0.000000 0.664286 0.814286 0.878571 0.891667 0.864286 0.857143 0.868852
1OUT_A  0.880282 0.873239 0.825000 0.880282 0.913462 0.903846 0.912621 0.901408 0.915094 0.866197 0.859155 0.887324 0.446809 0.446809 0.664286 0.000000 0.781690 0.880282 0.908333 0.887324 0.859155 0.877049
1MBD_A  0.915033 0.895425 0.800000 0.869281 0.913462 0.903846 0.912621 0.908497 0.905660 0.869281 0.869281 0.869281 0.758865 0.758865 0.814286 0.781690 0.000000 0.901961 0.908333 0.888889 0.869281 0.868852
2OCJ_A  0.000000 0.139175 0.825000 0.871134 0.875000 0.875000 0.893204 0.886598 0.867925 0.886598 0.886598 0.865979 0.886525 0.886525 0.878571 0.880282 0.901961 0.000000 0.891667 0.891753 0.891753 0.852459
4NFB_A  0.891667 0.891667 0.800000 0.883333 0.894231 0.894231 0.883495 0.891667 0.896226 0.875000 0.883333 0.866667 0.891667 0.891667 0.891667 0.908333 0.908333 0.891667 0.000000 0.858333 0.875000 0.891667
1QG3_A  0.892308 0.881443 0.825000 0.861538 0.865385 0.855769 0.873786 0.887179 0.858491 0.871795 0.876923 0.876923 0.879433 0.879433 0.864286 0.887324 0.888889 0.891753 0.858333 0.000000 0.856410 0.893443
6LDP_A  0.892308 0.886598 0.775000 0.892857 0.855769 0.875000 0.893204 0.927649 0.877358 0.895131 0.881137 0.884273 0.843972 0.843972 0.857143 0.859155 0.869281 0.891753 0.875000 0.856410 0.000000 0.868852
5FHX_A  0.868852 0.877049 0.825000 0.893443 0.913462 0.913462 0.902913 0.885246 0.915094 0.868852 0.877049 0.877049 0.860656 0.860656 0.868852 0.877049 0.868852 0.852459 0.891667 0.893443 0.868852 0.000000
